{
 "cells": [
  {
   "cell_type": "markdown",
   "metadata": {},
   "source": [
    "## 모듈 불러오기"
   ]
  },
  {
   "cell_type": "code",
   "execution_count": 2,
   "metadata": {},
   "outputs": [],
   "source": [
    "import pandas as pd\n",
    "import numpy as np\n",
    "import matplotlib.pyplot as plt\n",
    "import seaborn as sns\n",
    "\n",
    "%matplotlib inline"
   ]
  },
  {
   "cell_type": "code",
   "execution_count": 37,
   "metadata": {},
   "outputs": [],
   "source": [
    "# 데이터 불러오기\n",
    "boston = pd.read_csv(\"data/boston_missing.csv\")"
   ]
  },
  {
   "cell_type": "markdown",
   "metadata": {},
   "source": [
    "<img src=\"img/데이터 설명.PNG\" style=\"width:600px;\"/>"
   ]
  },
  {
   "cell_type": "code",
   "execution_count": 27,
   "metadata": {},
   "outputs": [
    {
     "data": {
      "text/plain": [
       "(506, 20)"
      ]
     },
     "execution_count": 27,
     "metadata": {},
     "output_type": "execute_result"
    }
   ],
   "source": [
    "# 데이터의 shape확인\n",
    "boston.shape"
   ]
  },
  {
   "cell_type": "code",
   "execution_count": 28,
   "metadata": {},
   "outputs": [
    {
     "data": {
      "text/html": [
       "<div>\n",
       "<style scoped>\n",
       "    .dataframe tbody tr th:only-of-type {\n",
       "        vertical-align: middle;\n",
       "    }\n",
       "\n",
       "    .dataframe tbody tr th {\n",
       "        vertical-align: top;\n",
       "    }\n",
       "\n",
       "    .dataframe thead th {\n",
       "        text-align: right;\n",
       "    }\n",
       "</style>\n",
       "<table border=\"1\" class=\"dataframe\">\n",
       "  <thead>\n",
       "    <tr style=\"text-align: right;\">\n",
       "      <th></th>\n",
       "      <th>OBS.</th>\n",
       "      <th>TOWN</th>\n",
       "      <th>TOWN#</th>\n",
       "      <th>LON</th>\n",
       "      <th>LAT</th>\n",
       "      <th>MEDV</th>\n",
       "      <th>CMEDV</th>\n",
       "      <th>CRIM</th>\n",
       "      <th>ZN</th>\n",
       "      <th>INDUS</th>\n",
       "      <th>CHAS</th>\n",
       "      <th>NOX</th>\n",
       "      <th>RM</th>\n",
       "      <th>AGE</th>\n",
       "      <th>DIS</th>\n",
       "      <th>RAD</th>\n",
       "      <th>TAX</th>\n",
       "      <th>PTRATIO</th>\n",
       "      <th>B</th>\n",
       "      <th>LSTAT</th>\n",
       "    </tr>\n",
       "  </thead>\n",
       "  <tbody>\n",
       "    <tr>\n",
       "      <td>0</td>\n",
       "      <td>1</td>\n",
       "      <td>Nahant</td>\n",
       "      <td>0</td>\n",
       "      <td>-70.955</td>\n",
       "      <td>42.2550</td>\n",
       "      <td>24.0</td>\n",
       "      <td>NaN</td>\n",
       "      <td>0.00632</td>\n",
       "      <td>18.0</td>\n",
       "      <td>2.31</td>\n",
       "      <td>T</td>\n",
       "      <td>0.538</td>\n",
       "      <td>6.575</td>\n",
       "      <td>65.2</td>\n",
       "      <td>4.0900</td>\n",
       "      <td>1</td>\n",
       "      <td>296</td>\n",
       "      <td>15.3</td>\n",
       "      <td>396.90</td>\n",
       "      <td>4.98</td>\n",
       "    </tr>\n",
       "    <tr>\n",
       "      <td>1</td>\n",
       "      <td>2</td>\n",
       "      <td>Swampscott</td>\n",
       "      <td>1</td>\n",
       "      <td>-70.950</td>\n",
       "      <td>42.2875</td>\n",
       "      <td>21.6</td>\n",
       "      <td>NaN</td>\n",
       "      <td>0.02731</td>\n",
       "      <td>0.0</td>\n",
       "      <td>7.07</td>\n",
       "      <td>T</td>\n",
       "      <td>0.469</td>\n",
       "      <td>6.421</td>\n",
       "      <td>78.9</td>\n",
       "      <td>4.9671</td>\n",
       "      <td>2</td>\n",
       "      <td>242</td>\n",
       "      <td>17.8</td>\n",
       "      <td>396.90</td>\n",
       "      <td>9.14</td>\n",
       "    </tr>\n",
       "    <tr>\n",
       "      <td>2</td>\n",
       "      <td>3</td>\n",
       "      <td>Swampscott</td>\n",
       "      <td>1</td>\n",
       "      <td>-70.936</td>\n",
       "      <td>42.2830</td>\n",
       "      <td>NaN</td>\n",
       "      <td>NaN</td>\n",
       "      <td>0.02729</td>\n",
       "      <td>0.0</td>\n",
       "      <td>7.07</td>\n",
       "      <td>T</td>\n",
       "      <td>0.469</td>\n",
       "      <td>7.185</td>\n",
       "      <td>61.1</td>\n",
       "      <td>4.9671</td>\n",
       "      <td>2</td>\n",
       "      <td>242</td>\n",
       "      <td>17.8</td>\n",
       "      <td>392.83</td>\n",
       "      <td>4.03</td>\n",
       "    </tr>\n",
       "    <tr>\n",
       "      <td>3</td>\n",
       "      <td>4</td>\n",
       "      <td>Marblehead</td>\n",
       "      <td>2</td>\n",
       "      <td>-70.928</td>\n",
       "      <td>42.2930</td>\n",
       "      <td>NaN</td>\n",
       "      <td>NaN</td>\n",
       "      <td>0.03237</td>\n",
       "      <td>0.0</td>\n",
       "      <td>2.18</td>\n",
       "      <td>T</td>\n",
       "      <td>0.458</td>\n",
       "      <td>6.998</td>\n",
       "      <td>45.8</td>\n",
       "      <td>6.0622</td>\n",
       "      <td>3</td>\n",
       "      <td>222</td>\n",
       "      <td>18.7</td>\n",
       "      <td>394.63</td>\n",
       "      <td>2.94</td>\n",
       "    </tr>\n",
       "    <tr>\n",
       "      <td>4</td>\n",
       "      <td>5</td>\n",
       "      <td>Marblehead</td>\n",
       "      <td>2</td>\n",
       "      <td>-70.922</td>\n",
       "      <td>42.2980</td>\n",
       "      <td>NaN</td>\n",
       "      <td>NaN</td>\n",
       "      <td>0.06905</td>\n",
       "      <td>0.0</td>\n",
       "      <td>2.18</td>\n",
       "      <td>T</td>\n",
       "      <td>0.458</td>\n",
       "      <td>7.147</td>\n",
       "      <td>54.2</td>\n",
       "      <td>6.0622</td>\n",
       "      <td>3</td>\n",
       "      <td>222</td>\n",
       "      <td>18.7</td>\n",
       "      <td>396.90</td>\n",
       "      <td>5.33</td>\n",
       "    </tr>\n",
       "  </tbody>\n",
       "</table>\n",
       "</div>"
      ],
      "text/plain": [
       "   OBS.        TOWN  TOWN#     LON      LAT  MEDV  CMEDV     CRIM    ZN  \\\n",
       "0     1      Nahant      0 -70.955  42.2550  24.0    NaN  0.00632  18.0   \n",
       "1     2  Swampscott      1 -70.950  42.2875  21.6    NaN  0.02731   0.0   \n",
       "2     3  Swampscott      1 -70.936  42.2830   NaN    NaN  0.02729   0.0   \n",
       "3     4  Marblehead      2 -70.928  42.2930   NaN    NaN  0.03237   0.0   \n",
       "4     5  Marblehead      2 -70.922  42.2980   NaN    NaN  0.06905   0.0   \n",
       "\n",
       "   INDUS CHAS    NOX     RM   AGE     DIS  RAD  TAX  PTRATIO       B  LSTAT  \n",
       "0   2.31    T  0.538  6.575  65.2  4.0900    1  296     15.3  396.90   4.98  \n",
       "1   7.07    T  0.469  6.421  78.9  4.9671    2  242     17.8  396.90   9.14  \n",
       "2   7.07    T  0.469  7.185  61.1  4.9671    2  242     17.8  392.83   4.03  \n",
       "3   2.18    T  0.458  6.998  45.8  6.0622    3  222     18.7  394.63   2.94  \n",
       "4   2.18    T  0.458  7.147  54.2  6.0622    3  222     18.7  396.90   5.33  "
      ]
     },
     "execution_count": 28,
     "metadata": {},
     "output_type": "execute_result"
    }
   ],
   "source": [
    "# data 값 확인\n",
    "boston.head()"
   ]
  },
  {
   "cell_type": "code",
   "execution_count": 8,
   "metadata": {},
   "outputs": [
    {
     "name": "stdout",
     "output_type": "stream",
     "text": [
      "<class 'pandas.core.frame.DataFrame'>\n",
      "RangeIndex: 506 entries, 0 to 505\n",
      "Data columns (total 20 columns):\n",
      "OBS.       506 non-null int64\n",
      "TOWN       506 non-null object\n",
      "TOWN#      506 non-null int64\n",
      "LON        506 non-null float64\n",
      "LAT        506 non-null float64\n",
      "MEDV       506 non-null float64\n",
      "CMEDV      506 non-null float64\n",
      "CRIM       506 non-null float64\n",
      "ZN         506 non-null float64\n",
      "INDUS      506 non-null float64\n",
      "CHAS       500 non-null object\n",
      "NOX        506 non-null float64\n",
      "RM         506 non-null float64\n",
      "AGE        506 non-null float64\n",
      "DIS        506 non-null float64\n",
      "RAD        506 non-null int64\n",
      "TAX        506 non-null int64\n",
      "PTRATIO    506 non-null float64\n",
      "B          506 non-null float64\n",
      "LSTAT      506 non-null float64\n",
      "dtypes: float64(14), int64(4), object(2)\n",
      "memory usage: 79.2+ KB\n"
     ]
    }
   ],
   "source": [
    "# 데이터 column 확인\n",
    "boston.info()"
   ]
  },
  {
   "cell_type": "markdown",
   "metadata": {},
   "source": [
    "## 데이터 전처리란 간단히 말해서 모델에 넣기전에 데이터를 가공하는 것!"
   ]
  },
  {
   "cell_type": "markdown",
   "metadata": {},
   "source": [
    "## (1) 요약통계량 확인\n",
    "### * describe() 함수를 사용\n",
    "### * 수치형 변수에 관해서만 결과를 보여준다\n",
    "### * 결측치는 제거하고 계산해준다"
   ]
  },
  {
   "cell_type": "code",
   "execution_count": 29,
   "metadata": {},
   "outputs": [
    {
     "data": {
      "text/html": [
       "<div>\n",
       "<style scoped>\n",
       "    .dataframe tbody tr th:only-of-type {\n",
       "        vertical-align: middle;\n",
       "    }\n",
       "\n",
       "    .dataframe tbody tr th {\n",
       "        vertical-align: top;\n",
       "    }\n",
       "\n",
       "    .dataframe thead th {\n",
       "        text-align: right;\n",
       "    }\n",
       "</style>\n",
       "<table border=\"1\" class=\"dataframe\">\n",
       "  <thead>\n",
       "    <tr style=\"text-align: right;\">\n",
       "      <th></th>\n",
       "      <th>OBS.</th>\n",
       "      <th>TOWN#</th>\n",
       "      <th>LON</th>\n",
       "      <th>LAT</th>\n",
       "      <th>MEDV</th>\n",
       "      <th>CMEDV</th>\n",
       "      <th>CRIM</th>\n",
       "      <th>ZN</th>\n",
       "      <th>INDUS</th>\n",
       "      <th>NOX</th>\n",
       "      <th>RM</th>\n",
       "      <th>AGE</th>\n",
       "      <th>DIS</th>\n",
       "      <th>RAD</th>\n",
       "      <th>TAX</th>\n",
       "      <th>PTRATIO</th>\n",
       "      <th>B</th>\n",
       "      <th>LSTAT</th>\n",
       "    </tr>\n",
       "  </thead>\n",
       "  <tbody>\n",
       "    <tr>\n",
       "      <td>count</td>\n",
       "      <td>506.000000</td>\n",
       "      <td>506.000000</td>\n",
       "      <td>506.000000</td>\n",
       "      <td>506.000000</td>\n",
       "      <td>501.000000</td>\n",
       "      <td>88.000000</td>\n",
       "      <td>506.000000</td>\n",
       "      <td>506.000000</td>\n",
       "      <td>506.000000</td>\n",
       "      <td>506.000000</td>\n",
       "      <td>506.000000</td>\n",
       "      <td>506.000000</td>\n",
       "      <td>506.000000</td>\n",
       "      <td>506.000000</td>\n",
       "      <td>506.000000</td>\n",
       "      <td>506.000000</td>\n",
       "      <td>506.000000</td>\n",
       "      <td>506.000000</td>\n",
       "    </tr>\n",
       "    <tr>\n",
       "      <td>mean</td>\n",
       "      <td>253.500000</td>\n",
       "      <td>47.531621</td>\n",
       "      <td>-71.056389</td>\n",
       "      <td>42.216440</td>\n",
       "      <td>22.446507</td>\n",
       "      <td>16.370455</td>\n",
       "      <td>3.613524</td>\n",
       "      <td>11.363636</td>\n",
       "      <td>11.136779</td>\n",
       "      <td>0.554695</td>\n",
       "      <td>6.284634</td>\n",
       "      <td>68.574901</td>\n",
       "      <td>3.795043</td>\n",
       "      <td>9.549407</td>\n",
       "      <td>408.237154</td>\n",
       "      <td>18.455534</td>\n",
       "      <td>356.674032</td>\n",
       "      <td>12.653063</td>\n",
       "    </tr>\n",
       "    <tr>\n",
       "      <td>std</td>\n",
       "      <td>146.213884</td>\n",
       "      <td>27.571401</td>\n",
       "      <td>0.075405</td>\n",
       "      <td>0.061777</td>\n",
       "      <td>9.189284</td>\n",
       "      <td>4.782419</td>\n",
       "      <td>8.601545</td>\n",
       "      <td>23.322453</td>\n",
       "      <td>6.860353</td>\n",
       "      <td>0.115878</td>\n",
       "      <td>0.702617</td>\n",
       "      <td>28.148861</td>\n",
       "      <td>2.105710</td>\n",
       "      <td>8.707259</td>\n",
       "      <td>168.537116</td>\n",
       "      <td>2.164946</td>\n",
       "      <td>91.294864</td>\n",
       "      <td>7.141062</td>\n",
       "    </tr>\n",
       "    <tr>\n",
       "      <td>min</td>\n",
       "      <td>1.000000</td>\n",
       "      <td>0.000000</td>\n",
       "      <td>-71.289500</td>\n",
       "      <td>42.030000</td>\n",
       "      <td>5.000000</td>\n",
       "      <td>7.000000</td>\n",
       "      <td>0.006320</td>\n",
       "      <td>0.000000</td>\n",
       "      <td>0.460000</td>\n",
       "      <td>0.385000</td>\n",
       "      <td>3.561000</td>\n",
       "      <td>2.900000</td>\n",
       "      <td>1.129600</td>\n",
       "      <td>1.000000</td>\n",
       "      <td>187.000000</td>\n",
       "      <td>12.600000</td>\n",
       "      <td>0.320000</td>\n",
       "      <td>1.730000</td>\n",
       "    </tr>\n",
       "    <tr>\n",
       "      <td>25%</td>\n",
       "      <td>127.250000</td>\n",
       "      <td>26.250000</td>\n",
       "      <td>-71.093225</td>\n",
       "      <td>42.180775</td>\n",
       "      <td>16.800000</td>\n",
       "      <td>13.225000</td>\n",
       "      <td>0.082045</td>\n",
       "      <td>0.000000</td>\n",
       "      <td>5.190000</td>\n",
       "      <td>0.449000</td>\n",
       "      <td>5.885500</td>\n",
       "      <td>45.025000</td>\n",
       "      <td>2.100175</td>\n",
       "      <td>4.000000</td>\n",
       "      <td>279.000000</td>\n",
       "      <td>17.400000</td>\n",
       "      <td>375.377500</td>\n",
       "      <td>6.950000</td>\n",
       "    </tr>\n",
       "    <tr>\n",
       "      <td>50%</td>\n",
       "      <td>253.500000</td>\n",
       "      <td>42.000000</td>\n",
       "      <td>-71.052900</td>\n",
       "      <td>42.218100</td>\n",
       "      <td>21.100000</td>\n",
       "      <td>16.100000</td>\n",
       "      <td>0.256510</td>\n",
       "      <td>0.000000</td>\n",
       "      <td>9.690000</td>\n",
       "      <td>0.538000</td>\n",
       "      <td>6.208500</td>\n",
       "      <td>77.500000</td>\n",
       "      <td>3.207450</td>\n",
       "      <td>5.000000</td>\n",
       "      <td>330.000000</td>\n",
       "      <td>19.050000</td>\n",
       "      <td>391.440000</td>\n",
       "      <td>11.360000</td>\n",
       "    </tr>\n",
       "    <tr>\n",
       "      <td>75%</td>\n",
       "      <td>379.750000</td>\n",
       "      <td>78.000000</td>\n",
       "      <td>-71.019625</td>\n",
       "      <td>42.252250</td>\n",
       "      <td>25.000000</td>\n",
       "      <td>20.100000</td>\n",
       "      <td>3.677082</td>\n",
       "      <td>12.500000</td>\n",
       "      <td>18.100000</td>\n",
       "      <td>0.624000</td>\n",
       "      <td>6.623500</td>\n",
       "      <td>94.075000</td>\n",
       "      <td>5.188425</td>\n",
       "      <td>24.000000</td>\n",
       "      <td>666.000000</td>\n",
       "      <td>20.200000</td>\n",
       "      <td>396.225000</td>\n",
       "      <td>16.955000</td>\n",
       "    </tr>\n",
       "    <tr>\n",
       "      <td>max</td>\n",
       "      <td>506.000000</td>\n",
       "      <td>91.000000</td>\n",
       "      <td>-70.810000</td>\n",
       "      <td>42.381000</td>\n",
       "      <td>50.000000</td>\n",
       "      <td>29.800000</td>\n",
       "      <td>88.976200</td>\n",
       "      <td>100.000000</td>\n",
       "      <td>27.740000</td>\n",
       "      <td>0.871000</td>\n",
       "      <td>8.780000</td>\n",
       "      <td>100.000000</td>\n",
       "      <td>12.126500</td>\n",
       "      <td>24.000000</td>\n",
       "      <td>711.000000</td>\n",
       "      <td>22.000000</td>\n",
       "      <td>396.900000</td>\n",
       "      <td>37.970000</td>\n",
       "    </tr>\n",
       "  </tbody>\n",
       "</table>\n",
       "</div>"
      ],
      "text/plain": [
       "             OBS.       TOWN#         LON         LAT        MEDV      CMEDV  \\\n",
       "count  506.000000  506.000000  506.000000  506.000000  501.000000  88.000000   \n",
       "mean   253.500000   47.531621  -71.056389   42.216440   22.446507  16.370455   \n",
       "std    146.213884   27.571401    0.075405    0.061777    9.189284   4.782419   \n",
       "min      1.000000    0.000000  -71.289500   42.030000    5.000000   7.000000   \n",
       "25%    127.250000   26.250000  -71.093225   42.180775   16.800000  13.225000   \n",
       "50%    253.500000   42.000000  -71.052900   42.218100   21.100000  16.100000   \n",
       "75%    379.750000   78.000000  -71.019625   42.252250   25.000000  20.100000   \n",
       "max    506.000000   91.000000  -70.810000   42.381000   50.000000  29.800000   \n",
       "\n",
       "             CRIM          ZN       INDUS         NOX          RM         AGE  \\\n",
       "count  506.000000  506.000000  506.000000  506.000000  506.000000  506.000000   \n",
       "mean     3.613524   11.363636   11.136779    0.554695    6.284634   68.574901   \n",
       "std      8.601545   23.322453    6.860353    0.115878    0.702617   28.148861   \n",
       "min      0.006320    0.000000    0.460000    0.385000    3.561000    2.900000   \n",
       "25%      0.082045    0.000000    5.190000    0.449000    5.885500   45.025000   \n",
       "50%      0.256510    0.000000    9.690000    0.538000    6.208500   77.500000   \n",
       "75%      3.677082   12.500000   18.100000    0.624000    6.623500   94.075000   \n",
       "max     88.976200  100.000000   27.740000    0.871000    8.780000  100.000000   \n",
       "\n",
       "              DIS         RAD         TAX     PTRATIO           B       LSTAT  \n",
       "count  506.000000  506.000000  506.000000  506.000000  506.000000  506.000000  \n",
       "mean     3.795043    9.549407  408.237154   18.455534  356.674032   12.653063  \n",
       "std      2.105710    8.707259  168.537116    2.164946   91.294864    7.141062  \n",
       "min      1.129600    1.000000  187.000000   12.600000    0.320000    1.730000  \n",
       "25%      2.100175    4.000000  279.000000   17.400000  375.377500    6.950000  \n",
       "50%      3.207450    5.000000  330.000000   19.050000  391.440000   11.360000  \n",
       "75%      5.188425   24.000000  666.000000   20.200000  396.225000   16.955000  \n",
       "max     12.126500   24.000000  711.000000   22.000000  396.900000   37.970000  "
      ]
     },
     "execution_count": 29,
     "metadata": {},
     "output_type": "execute_result"
    }
   ],
   "source": [
    "boston.describe()"
   ]
  },
  {
   "cell_type": "markdown",
   "metadata": {},
   "source": [
    "## 상관분석\n",
    "### * 수치형 변수중에서 각각 2개의 column씩 상관관계를 보여준다\n",
    "### * 값은 -1 ~ 1사이에서 존재한다\n",
    "### * 절대값이 0.7이상이면 둘 사이의 관계가 밀접하게 관련이 되어있다고 볼 수 있다\n",
    "### * 둘 사이의 관계가 높다고 인과관계로 잘못 해석하면 안 된다"
   ]
  },
  {
   "cell_type": "code",
   "execution_count": 12,
   "metadata": {},
   "outputs": [
    {
     "data": {
      "text/html": [
       "<div>\n",
       "<style scoped>\n",
       "    .dataframe tbody tr th:only-of-type {\n",
       "        vertical-align: middle;\n",
       "    }\n",
       "\n",
       "    .dataframe tbody tr th {\n",
       "        vertical-align: top;\n",
       "    }\n",
       "\n",
       "    .dataframe thead th {\n",
       "        text-align: right;\n",
       "    }\n",
       "</style>\n",
       "<table border=\"1\" class=\"dataframe\">\n",
       "  <thead>\n",
       "    <tr style=\"text-align: right;\">\n",
       "      <th></th>\n",
       "      <th>OBS.</th>\n",
       "      <th>TOWN#</th>\n",
       "      <th>LON</th>\n",
       "      <th>LAT</th>\n",
       "      <th>MEDV</th>\n",
       "      <th>CMEDV</th>\n",
       "      <th>CRIM</th>\n",
       "      <th>ZN</th>\n",
       "      <th>INDUS</th>\n",
       "      <th>NOX</th>\n",
       "      <th>RM</th>\n",
       "      <th>AGE</th>\n",
       "      <th>DIS</th>\n",
       "      <th>RAD</th>\n",
       "      <th>TAX</th>\n",
       "      <th>PTRATIO</th>\n",
       "      <th>B</th>\n",
       "      <th>LSTAT</th>\n",
       "    </tr>\n",
       "  </thead>\n",
       "  <tbody>\n",
       "    <tr>\n",
       "      <td>OBS.</td>\n",
       "      <td>1.000000</td>\n",
       "      <td>0.992287</td>\n",
       "      <td>-0.048973</td>\n",
       "      <td>-0.651668</td>\n",
       "      <td>-0.226604</td>\n",
       "      <td>-0.223373</td>\n",
       "      <td>0.407407</td>\n",
       "      <td>-0.103393</td>\n",
       "      <td>0.399439</td>\n",
       "      <td>0.398736</td>\n",
       "      <td>-0.079971</td>\n",
       "      <td>0.203784</td>\n",
       "      <td>-0.302211</td>\n",
       "      <td>0.686002</td>\n",
       "      <td>0.666626</td>\n",
       "      <td>0.291074</td>\n",
       "      <td>-0.295041</td>\n",
       "      <td>0.258465</td>\n",
       "    </tr>\n",
       "    <tr>\n",
       "      <td>TOWN#</td>\n",
       "      <td>0.992287</td>\n",
       "      <td>1.000000</td>\n",
       "      <td>-0.000627</td>\n",
       "      <td>-0.631648</td>\n",
       "      <td>-0.268006</td>\n",
       "      <td>-0.265134</td>\n",
       "      <td>0.447920</td>\n",
       "      <td>-0.123970</td>\n",
       "      <td>0.434426</td>\n",
       "      <td>0.429399</td>\n",
       "      <td>-0.117334</td>\n",
       "      <td>0.235141</td>\n",
       "      <td>-0.327280</td>\n",
       "      <td>0.724060</td>\n",
       "      <td>0.707982</td>\n",
       "      <td>0.341111</td>\n",
       "      <td>-0.306517</td>\n",
       "      <td>0.296600</td>\n",
       "    </tr>\n",
       "    <tr>\n",
       "      <td>LON</td>\n",
       "      <td>-0.048973</td>\n",
       "      <td>-0.000627</td>\n",
       "      <td>1.000000</td>\n",
       "      <td>0.143054</td>\n",
       "      <td>-0.320652</td>\n",
       "      <td>-0.322947</td>\n",
       "      <td>0.065101</td>\n",
       "      <td>-0.218081</td>\n",
       "      <td>0.062702</td>\n",
       "      <td>0.160871</td>\n",
       "      <td>-0.257110</td>\n",
       "      <td>0.204739</td>\n",
       "      <td>-0.011243</td>\n",
       "      <td>0.034067</td>\n",
       "      <td>0.050663</td>\n",
       "      <td>0.312602</td>\n",
       "      <td>-0.018300</td>\n",
       "      <td>0.195630</td>\n",
       "    </tr>\n",
       "    <tr>\n",
       "      <td>LAT</td>\n",
       "      <td>-0.651668</td>\n",
       "      <td>-0.631648</td>\n",
       "      <td>0.143054</td>\n",
       "      <td>1.000000</td>\n",
       "      <td>0.009660</td>\n",
       "      <td>0.006826</td>\n",
       "      <td>-0.084293</td>\n",
       "      <td>-0.129667</td>\n",
       "      <td>-0.041093</td>\n",
       "      <td>-0.068600</td>\n",
       "      <td>-0.069317</td>\n",
       "      <td>0.079035</td>\n",
       "      <td>-0.082981</td>\n",
       "      <td>-0.207013</td>\n",
       "      <td>-0.167718</td>\n",
       "      <td>-0.004527</td>\n",
       "      <td>0.105254</td>\n",
       "      <td>0.045660</td>\n",
       "    </tr>\n",
       "    <tr>\n",
       "      <td>MEDV</td>\n",
       "      <td>-0.226604</td>\n",
       "      <td>-0.268006</td>\n",
       "      <td>-0.320652</td>\n",
       "      <td>0.009660</td>\n",
       "      <td>1.000000</td>\n",
       "      <td>0.998476</td>\n",
       "      <td>-0.388305</td>\n",
       "      <td>0.360445</td>\n",
       "      <td>-0.483725</td>\n",
       "      <td>-0.427321</td>\n",
       "      <td>0.695360</td>\n",
       "      <td>-0.376955</td>\n",
       "      <td>0.249929</td>\n",
       "      <td>-0.381626</td>\n",
       "      <td>-0.468536</td>\n",
       "      <td>-0.507787</td>\n",
       "      <td>0.333461</td>\n",
       "      <td>-0.737663</td>\n",
       "    </tr>\n",
       "    <tr>\n",
       "      <td>CMEDV</td>\n",
       "      <td>-0.223373</td>\n",
       "      <td>-0.265134</td>\n",
       "      <td>-0.322947</td>\n",
       "      <td>0.006826</td>\n",
       "      <td>0.998476</td>\n",
       "      <td>1.000000</td>\n",
       "      <td>-0.389582</td>\n",
       "      <td>0.360386</td>\n",
       "      <td>-0.484754</td>\n",
       "      <td>-0.429300</td>\n",
       "      <td>0.696304</td>\n",
       "      <td>-0.377999</td>\n",
       "      <td>0.249315</td>\n",
       "      <td>-0.384766</td>\n",
       "      <td>-0.471979</td>\n",
       "      <td>-0.505655</td>\n",
       "      <td>0.334861</td>\n",
       "      <td>-0.740836</td>\n",
       "    </tr>\n",
       "    <tr>\n",
       "      <td>CRIM</td>\n",
       "      <td>0.407407</td>\n",
       "      <td>0.447920</td>\n",
       "      <td>0.065101</td>\n",
       "      <td>-0.084293</td>\n",
       "      <td>-0.388305</td>\n",
       "      <td>-0.389582</td>\n",
       "      <td>1.000000</td>\n",
       "      <td>-0.200469</td>\n",
       "      <td>0.406583</td>\n",
       "      <td>0.420972</td>\n",
       "      <td>-0.219247</td>\n",
       "      <td>0.352734</td>\n",
       "      <td>-0.379670</td>\n",
       "      <td>0.625505</td>\n",
       "      <td>0.582764</td>\n",
       "      <td>0.289946</td>\n",
       "      <td>-0.385064</td>\n",
       "      <td>0.455621</td>\n",
       "    </tr>\n",
       "    <tr>\n",
       "      <td>ZN</td>\n",
       "      <td>-0.103393</td>\n",
       "      <td>-0.123970</td>\n",
       "      <td>-0.218081</td>\n",
       "      <td>-0.129667</td>\n",
       "      <td>0.360445</td>\n",
       "      <td>0.360386</td>\n",
       "      <td>-0.200469</td>\n",
       "      <td>1.000000</td>\n",
       "      <td>-0.533828</td>\n",
       "      <td>-0.516604</td>\n",
       "      <td>0.311991</td>\n",
       "      <td>-0.569537</td>\n",
       "      <td>0.664408</td>\n",
       "      <td>-0.311948</td>\n",
       "      <td>-0.314563</td>\n",
       "      <td>-0.391679</td>\n",
       "      <td>0.175520</td>\n",
       "      <td>-0.412995</td>\n",
       "    </tr>\n",
       "    <tr>\n",
       "      <td>INDUS</td>\n",
       "      <td>0.399439</td>\n",
       "      <td>0.434426</td>\n",
       "      <td>0.062702</td>\n",
       "      <td>-0.041093</td>\n",
       "      <td>-0.483725</td>\n",
       "      <td>-0.484754</td>\n",
       "      <td>0.406583</td>\n",
       "      <td>-0.533828</td>\n",
       "      <td>1.000000</td>\n",
       "      <td>0.763651</td>\n",
       "      <td>-0.391676</td>\n",
       "      <td>0.644779</td>\n",
       "      <td>-0.708027</td>\n",
       "      <td>0.595129</td>\n",
       "      <td>0.720760</td>\n",
       "      <td>0.383248</td>\n",
       "      <td>-0.356977</td>\n",
       "      <td>0.603800</td>\n",
       "    </tr>\n",
       "    <tr>\n",
       "      <td>NOX</td>\n",
       "      <td>0.398736</td>\n",
       "      <td>0.429399</td>\n",
       "      <td>0.160871</td>\n",
       "      <td>-0.068600</td>\n",
       "      <td>-0.427321</td>\n",
       "      <td>-0.429300</td>\n",
       "      <td>0.420972</td>\n",
       "      <td>-0.516604</td>\n",
       "      <td>0.763651</td>\n",
       "      <td>1.000000</td>\n",
       "      <td>-0.302188</td>\n",
       "      <td>0.731470</td>\n",
       "      <td>-0.769230</td>\n",
       "      <td>0.611441</td>\n",
       "      <td>0.668023</td>\n",
       "      <td>0.188933</td>\n",
       "      <td>-0.380051</td>\n",
       "      <td>0.590879</td>\n",
       "    </tr>\n",
       "    <tr>\n",
       "      <td>RM</td>\n",
       "      <td>-0.079971</td>\n",
       "      <td>-0.117334</td>\n",
       "      <td>-0.257110</td>\n",
       "      <td>-0.069317</td>\n",
       "      <td>0.695360</td>\n",
       "      <td>0.696304</td>\n",
       "      <td>-0.219247</td>\n",
       "      <td>0.311991</td>\n",
       "      <td>-0.391676</td>\n",
       "      <td>-0.302188</td>\n",
       "      <td>1.000000</td>\n",
       "      <td>-0.240265</td>\n",
       "      <td>0.205246</td>\n",
       "      <td>-0.209847</td>\n",
       "      <td>-0.292048</td>\n",
       "      <td>-0.355501</td>\n",
       "      <td>0.128069</td>\n",
       "      <td>-0.613808</td>\n",
       "    </tr>\n",
       "    <tr>\n",
       "      <td>AGE</td>\n",
       "      <td>0.203784</td>\n",
       "      <td>0.235141</td>\n",
       "      <td>0.204739</td>\n",
       "      <td>0.079035</td>\n",
       "      <td>-0.376955</td>\n",
       "      <td>-0.377999</td>\n",
       "      <td>0.352734</td>\n",
       "      <td>-0.569537</td>\n",
       "      <td>0.644779</td>\n",
       "      <td>0.731470</td>\n",
       "      <td>-0.240265</td>\n",
       "      <td>1.000000</td>\n",
       "      <td>-0.747881</td>\n",
       "      <td>0.456022</td>\n",
       "      <td>0.506456</td>\n",
       "      <td>0.261515</td>\n",
       "      <td>-0.273534</td>\n",
       "      <td>0.602339</td>\n",
       "    </tr>\n",
       "    <tr>\n",
       "      <td>DIS</td>\n",
       "      <td>-0.302211</td>\n",
       "      <td>-0.327280</td>\n",
       "      <td>-0.011243</td>\n",
       "      <td>-0.082981</td>\n",
       "      <td>0.249929</td>\n",
       "      <td>0.249315</td>\n",
       "      <td>-0.379670</td>\n",
       "      <td>0.664408</td>\n",
       "      <td>-0.708027</td>\n",
       "      <td>-0.769230</td>\n",
       "      <td>0.205246</td>\n",
       "      <td>-0.747881</td>\n",
       "      <td>1.000000</td>\n",
       "      <td>-0.494588</td>\n",
       "      <td>-0.534432</td>\n",
       "      <td>-0.232471</td>\n",
       "      <td>0.291512</td>\n",
       "      <td>-0.496996</td>\n",
       "    </tr>\n",
       "    <tr>\n",
       "      <td>RAD</td>\n",
       "      <td>0.686002</td>\n",
       "      <td>0.724060</td>\n",
       "      <td>0.034067</td>\n",
       "      <td>-0.207013</td>\n",
       "      <td>-0.381626</td>\n",
       "      <td>-0.384766</td>\n",
       "      <td>0.625505</td>\n",
       "      <td>-0.311948</td>\n",
       "      <td>0.595129</td>\n",
       "      <td>0.611441</td>\n",
       "      <td>-0.209847</td>\n",
       "      <td>0.456022</td>\n",
       "      <td>-0.494588</td>\n",
       "      <td>1.000000</td>\n",
       "      <td>0.910228</td>\n",
       "      <td>0.464741</td>\n",
       "      <td>-0.444413</td>\n",
       "      <td>0.488676</td>\n",
       "    </tr>\n",
       "    <tr>\n",
       "      <td>TAX</td>\n",
       "      <td>0.666626</td>\n",
       "      <td>0.707982</td>\n",
       "      <td>0.050663</td>\n",
       "      <td>-0.167718</td>\n",
       "      <td>-0.468536</td>\n",
       "      <td>-0.471979</td>\n",
       "      <td>0.582764</td>\n",
       "      <td>-0.314563</td>\n",
       "      <td>0.720760</td>\n",
       "      <td>0.668023</td>\n",
       "      <td>-0.292048</td>\n",
       "      <td>0.506456</td>\n",
       "      <td>-0.534432</td>\n",
       "      <td>0.910228</td>\n",
       "      <td>1.000000</td>\n",
       "      <td>0.460853</td>\n",
       "      <td>-0.441808</td>\n",
       "      <td>0.543993</td>\n",
       "    </tr>\n",
       "    <tr>\n",
       "      <td>PTRATIO</td>\n",
       "      <td>0.291074</td>\n",
       "      <td>0.341111</td>\n",
       "      <td>0.312602</td>\n",
       "      <td>-0.004527</td>\n",
       "      <td>-0.507787</td>\n",
       "      <td>-0.505655</td>\n",
       "      <td>0.289946</td>\n",
       "      <td>-0.391679</td>\n",
       "      <td>0.383248</td>\n",
       "      <td>0.188933</td>\n",
       "      <td>-0.355501</td>\n",
       "      <td>0.261515</td>\n",
       "      <td>-0.232471</td>\n",
       "      <td>0.464741</td>\n",
       "      <td>0.460853</td>\n",
       "      <td>1.000000</td>\n",
       "      <td>-0.177383</td>\n",
       "      <td>0.374044</td>\n",
       "    </tr>\n",
       "    <tr>\n",
       "      <td>B</td>\n",
       "      <td>-0.295041</td>\n",
       "      <td>-0.306517</td>\n",
       "      <td>-0.018300</td>\n",
       "      <td>0.105254</td>\n",
       "      <td>0.333461</td>\n",
       "      <td>0.334861</td>\n",
       "      <td>-0.385064</td>\n",
       "      <td>0.175520</td>\n",
       "      <td>-0.356977</td>\n",
       "      <td>-0.380051</td>\n",
       "      <td>0.128069</td>\n",
       "      <td>-0.273534</td>\n",
       "      <td>0.291512</td>\n",
       "      <td>-0.444413</td>\n",
       "      <td>-0.441808</td>\n",
       "      <td>-0.177383</td>\n",
       "      <td>1.000000</td>\n",
       "      <td>-0.366087</td>\n",
       "    </tr>\n",
       "    <tr>\n",
       "      <td>LSTAT</td>\n",
       "      <td>0.258465</td>\n",
       "      <td>0.296600</td>\n",
       "      <td>0.195630</td>\n",
       "      <td>0.045660</td>\n",
       "      <td>-0.737663</td>\n",
       "      <td>-0.740836</td>\n",
       "      <td>0.455621</td>\n",
       "      <td>-0.412995</td>\n",
       "      <td>0.603800</td>\n",
       "      <td>0.590879</td>\n",
       "      <td>-0.613808</td>\n",
       "      <td>0.602339</td>\n",
       "      <td>-0.496996</td>\n",
       "      <td>0.488676</td>\n",
       "      <td>0.543993</td>\n",
       "      <td>0.374044</td>\n",
       "      <td>-0.366087</td>\n",
       "      <td>1.000000</td>\n",
       "    </tr>\n",
       "  </tbody>\n",
       "</table>\n",
       "</div>"
      ],
      "text/plain": [
       "             OBS.     TOWN#       LON       LAT      MEDV     CMEDV      CRIM  \\\n",
       "OBS.     1.000000  0.992287 -0.048973 -0.651668 -0.226604 -0.223373  0.407407   \n",
       "TOWN#    0.992287  1.000000 -0.000627 -0.631648 -0.268006 -0.265134  0.447920   \n",
       "LON     -0.048973 -0.000627  1.000000  0.143054 -0.320652 -0.322947  0.065101   \n",
       "LAT     -0.651668 -0.631648  0.143054  1.000000  0.009660  0.006826 -0.084293   \n",
       "MEDV    -0.226604 -0.268006 -0.320652  0.009660  1.000000  0.998476 -0.388305   \n",
       "CMEDV   -0.223373 -0.265134 -0.322947  0.006826  0.998476  1.000000 -0.389582   \n",
       "CRIM     0.407407  0.447920  0.065101 -0.084293 -0.388305 -0.389582  1.000000   \n",
       "ZN      -0.103393 -0.123970 -0.218081 -0.129667  0.360445  0.360386 -0.200469   \n",
       "INDUS    0.399439  0.434426  0.062702 -0.041093 -0.483725 -0.484754  0.406583   \n",
       "NOX      0.398736  0.429399  0.160871 -0.068600 -0.427321 -0.429300  0.420972   \n",
       "RM      -0.079971 -0.117334 -0.257110 -0.069317  0.695360  0.696304 -0.219247   \n",
       "AGE      0.203784  0.235141  0.204739  0.079035 -0.376955 -0.377999  0.352734   \n",
       "DIS     -0.302211 -0.327280 -0.011243 -0.082981  0.249929  0.249315 -0.379670   \n",
       "RAD      0.686002  0.724060  0.034067 -0.207013 -0.381626 -0.384766  0.625505   \n",
       "TAX      0.666626  0.707982  0.050663 -0.167718 -0.468536 -0.471979  0.582764   \n",
       "PTRATIO  0.291074  0.341111  0.312602 -0.004527 -0.507787 -0.505655  0.289946   \n",
       "B       -0.295041 -0.306517 -0.018300  0.105254  0.333461  0.334861 -0.385064   \n",
       "LSTAT    0.258465  0.296600  0.195630  0.045660 -0.737663 -0.740836  0.455621   \n",
       "\n",
       "               ZN     INDUS       NOX        RM       AGE       DIS       RAD  \\\n",
       "OBS.    -0.103393  0.399439  0.398736 -0.079971  0.203784 -0.302211  0.686002   \n",
       "TOWN#   -0.123970  0.434426  0.429399 -0.117334  0.235141 -0.327280  0.724060   \n",
       "LON     -0.218081  0.062702  0.160871 -0.257110  0.204739 -0.011243  0.034067   \n",
       "LAT     -0.129667 -0.041093 -0.068600 -0.069317  0.079035 -0.082981 -0.207013   \n",
       "MEDV     0.360445 -0.483725 -0.427321  0.695360 -0.376955  0.249929 -0.381626   \n",
       "CMEDV    0.360386 -0.484754 -0.429300  0.696304 -0.377999  0.249315 -0.384766   \n",
       "CRIM    -0.200469  0.406583  0.420972 -0.219247  0.352734 -0.379670  0.625505   \n",
       "ZN       1.000000 -0.533828 -0.516604  0.311991 -0.569537  0.664408 -0.311948   \n",
       "INDUS   -0.533828  1.000000  0.763651 -0.391676  0.644779 -0.708027  0.595129   \n",
       "NOX     -0.516604  0.763651  1.000000 -0.302188  0.731470 -0.769230  0.611441   \n",
       "RM       0.311991 -0.391676 -0.302188  1.000000 -0.240265  0.205246 -0.209847   \n",
       "AGE     -0.569537  0.644779  0.731470 -0.240265  1.000000 -0.747881  0.456022   \n",
       "DIS      0.664408 -0.708027 -0.769230  0.205246 -0.747881  1.000000 -0.494588   \n",
       "RAD     -0.311948  0.595129  0.611441 -0.209847  0.456022 -0.494588  1.000000   \n",
       "TAX     -0.314563  0.720760  0.668023 -0.292048  0.506456 -0.534432  0.910228   \n",
       "PTRATIO -0.391679  0.383248  0.188933 -0.355501  0.261515 -0.232471  0.464741   \n",
       "B        0.175520 -0.356977 -0.380051  0.128069 -0.273534  0.291512 -0.444413   \n",
       "LSTAT   -0.412995  0.603800  0.590879 -0.613808  0.602339 -0.496996  0.488676   \n",
       "\n",
       "              TAX   PTRATIO         B     LSTAT  \n",
       "OBS.     0.666626  0.291074 -0.295041  0.258465  \n",
       "TOWN#    0.707982  0.341111 -0.306517  0.296600  \n",
       "LON      0.050663  0.312602 -0.018300  0.195630  \n",
       "LAT     -0.167718 -0.004527  0.105254  0.045660  \n",
       "MEDV    -0.468536 -0.507787  0.333461 -0.737663  \n",
       "CMEDV   -0.471979 -0.505655  0.334861 -0.740836  \n",
       "CRIM     0.582764  0.289946 -0.385064  0.455621  \n",
       "ZN      -0.314563 -0.391679  0.175520 -0.412995  \n",
       "INDUS    0.720760  0.383248 -0.356977  0.603800  \n",
       "NOX      0.668023  0.188933 -0.380051  0.590879  \n",
       "RM      -0.292048 -0.355501  0.128069 -0.613808  \n",
       "AGE      0.506456  0.261515 -0.273534  0.602339  \n",
       "DIS     -0.534432 -0.232471  0.291512 -0.496996  \n",
       "RAD      0.910228  0.464741 -0.444413  0.488676  \n",
       "TAX      1.000000  0.460853 -0.441808  0.543993  \n",
       "PTRATIO  0.460853  1.000000 -0.177383  0.374044  \n",
       "B       -0.441808 -0.177383  1.000000 -0.366087  \n",
       "LSTAT    0.543993  0.374044 -0.366087  1.000000  "
      ]
     },
     "execution_count": 12,
     "metadata": {},
     "output_type": "execute_result"
    }
   ],
   "source": [
    "boston.corr()"
   ]
  },
  {
   "cell_type": "code",
   "execution_count": 24,
   "metadata": {},
   "outputs": [
    {
     "data": {
      "text/plain": [
       "<matplotlib.axes._subplots.AxesSubplot at 0x1c9d6bdc288>"
      ]
     },
     "execution_count": 24,
     "metadata": {},
     "output_type": "execute_result"
    },
    {
     "data": {
